 9.3749999999999997E-003  1.5205957735636986E-002  0.0000000000000000E+000  9.2644228605939100E-023  7.8564923432949182E-007  0.0000000000000000E+000  1.3625531735587976E-010 -8.9175634178695869E-025  5.7578253716659119E-006  1.1309840847621534E-014 -5.1542185369964622E-009
 2.8124999999999997E-002  4.5437922498749096E-002  0.0000000000000000E+000  2.6469779601696886E-023  5.1359306708809345E-006  0.0000000000000000E+000  1.3795833012118232E-009 -1.5302271829993617E-009  1.7329698255727245E-005  1.0216029904278544E-013 -3.1135007010641625E-008
 4.6875000000000000E-002  7.5462666801965728E-002  0.0000000000000000E+000  1.0323214044661785E-021  1.1549036184364120E-005  0.0000000000000000E+000  5.9114446899817115E-009 -3.8007480017334102E-009  2.9070653073131907E-005  2.8607314780146663E-013 -1.4336299963867252E-008
 6.5625000000000003E-002  1.0528855032085015E-001  0.0000000000000000E+000  2.2631661559450837E-021  1.8781768899514203E-005  0.0000000000000000E+000  1.6533974787833371E-008 -1.2556993019276542E-009  4.1094797863589694E-005  5.6863515931079659E-013  1.3123896895622409E-007
 8.4375000000000006E-002  1.3492408447127563E-001  0.0000000000000000E+000  2.2631661559450837E-021  2.6139169856324862E-005  0.0000000000000000E+000  3.5907463674740951E-008  1.4243398204821264E-008  5.3518288723930863E-005  9.6069577260970745E-013  4.6003455898077774E-007
 1.0312500000000001E-001  1.6437472983690884E-001  0.0000000000000000E+000  1.6146565557035100E-021  3.3322933685450695E-005  0.0000000000000000E+000  6.5898464090111522E-008  5.0535890987366707E-008  6.6460129153850847E-005  1.4802142019172288E-012  1.0002083211407582E-006
 1.2187500000000001E-001  1.9364284733730733E-001  0.0000000000000000E+000  8.6688528195557300E-022  4.0318781591067165E-005  0.0000000000000000E+000  1.0716054042640740E-007  1.1352926833224056E-007  8.0042990044568439E-005  2.1542012074762092E-012  1.7710853186139856E-006
 1.4062500000000000E-001  2.2272755944798656E-001  0.0000000000000000E+000 -4.1756077321676837E-021  4.7294293259732278E-005  0.0000000000000000E+000  1.5905803449487274E-007  2.0684701050223755E-007  9.4394053545754559E-005  3.0212100463337661E-012  2.7923901375809789E-006
 1.5937499999999999E-001  2.5162445146056833E-001  0.0000000000000000E+000  8.1460746724222165E-021  5.4510502196680743E-005  0.0000000000000000E+000  2.1988029377762263E-007  3.3221041484183942E-007  1.0964587835446402E-004  4.1347377585230228E-012  4.0840169477333721E-006
 1.7812499999999998E-001  2.8032528980579030E-001  0.0000000000000000E+000 -1.3459882927462866E-020  6.2252920211267049E-005  0.0000000000000000E+000  2.8721270798178378E-007  4.9001983546598514E-007  1.2593728559482165E-004  5.5677816375347667E-012  5.6622798587647991E-006
 1.9687499999999997E-001  3.0881785566435604E-001  0.0000000000000000E+000  3.0969642133985356E-021  7.0783572469174105E-005  0.0000000000000000E+000  3.5833845447396112E-007  6.7983709462686560E-007  1.4341426781775698E-004  7.4187894970718592E-012  7.5373108461932476E-006
 2.1562499999999996E-001  3.3708591955874584E-001  0.0000000000000000E+000  7.6762360844920968E-022  8.0311629736568024E-005  0.0000000000000000E+000  4.3059134456489797E-007  9.0068745428786576E-007  1.6223092545724014E-004  9.8193391694521727E-012  9.7125769113184367E-006
 2.3437499999999994E-001  3.6510934473226603E-001  0.0000000000000000E+000  2.0156737166692178E-020  9.0978189004220500E-005  0.0000000000000000E+000  5.0162625416509894E-007  1.1512121163864946E-006  1.8255043489933076E-004  1.2944036834759848E-011  1.2185171883791779E-005
 2.5312499999999993E-001  3.9286429355829211E-001  0.0000000000000000E+000  3.5601853564282311E-021  1.0285054023079221E-004  0.0000000000000000E+000  5.6960374543967008E-007  1.4297297584276176E-006  2.0454605116596399E-004  1.7023295135425498E-011  1.4945303645813924E-005
 2.7187499999999992E-001  4.2032351069775786E-001  0.0000000000000000E+000  3.6660644748350187E-021  1.1592210054245378E-004  0.0000000000000000E+000  6.3329980867851159E-007  1.7342535081191724E-006  2.2840214712317378E-004  2.2359815926420383E-011  1.7974307665519642E-005
 2.9062499999999991E-001  4.4745666174894599E-001  0.0000000000000000E+000 -7.2394847210640982E-021  1.3011539797860849E-004  0.0000000000000000E+000  6.9215571791398688E-007  2.0624899672514835E-006  2.5431529056230156E-004  2.9349746517719785E-011  2.1241515615697984E-005
 3.0937499999999990E-001  4.7423071249126997E-001  0.0000000000000000E+000  3.1379923717811658E-020  1.4528661520579744E-004  0.0000000000000000E+000  7.4628199166124702E-007  2.4118324031768434E-006  2.8249536045892010E-004  3.8509595628231743E-011  2.4700874688634918E-005
 3.2812499999999989E-001  5.0061033945445355E-001  0.0000000000000000E+000  1.1540823906339842E-020  1.6123106984833324E-004  0.0000000000000000E+000  7.9642766099042999E-007  2.7793527387067184E-006  3.1316670398838254E-004  5.0510080287527577E-011  2.8288316141564737E-005
 3.4687499999999988E-001  5.2655836665825673E-001  0.0000000000000000E+000  2.8852059765849605E-020  1.7768957105673833E-004  0.0000000000000000E+000  8.4392313551221326E-007  3.1617943002575717E-006  3.4656933629040261E-004  6.6218121795468420E-011  3.1920677809947125E-005
 3.6562499999999987E-001  5.5203622584644985E-001  0.0000000000000000E+000  1.6014216659026616E-021  1.9435588315269703E-004  0.0000000000000000E+000  8.9060261842459280E-007  3.5555670352152512E-006  3.8296018542239256E-004  8.6748214517001739E-011  3.5496657420538961E-005
 3.8437499999999986E-001  5.7700443856980965E-001  0.0000000000000000E+000 -3.2028433318053232E-021  2.1088560414805890E-004  0.0000000000000000E+000  9.3871045119128462E-007  3.9567475026051207E-006  4.2261438536329344E-004  1.1352435770449255E-010  3.8899910173193454E-005
 4.0312499999999984E-001  6.0142311835679030E-001  0.0000000000000000E+000  3.3921022559574559E-020  2.2690668989222562E-004  0.0000000000000000E+000  9.9079492716645576E-007  4.3610865432433598E-006  4.6582662027613332E-004  1.4835367660906372E-010  4.2004060593759746E-005
 4.2187499999999983E-001  6.2525249026768248E-001  0.0000000000000000E+000  1.7298000969708915E-020  2.4203167901321043E-004  0.0000000000000000E+000  1.0495928572813264E-006  4.7640277797075466E-006  5.1291252345721738E-004  1.9351277850706686E-010  4.4679117301681406E-005
 4.4062499999999982E-001  6.4845342366162140E-001  0.0000000000000000E+000 -5.4117464395669283E-020  2.5587144649646953E-004  0.0000000000000000E+000  1.1179083167981314E-006  5.1607398693339394E-006  5.6421013444883802E-004  2.5184780723478203E-010  4.6798599148369605E-005
 4.5937499999999981E-001  6.7098797228686646E-001  0.0000000000000000E+000  3.2491654461082927E-020  2.6805007514824064E-004  0.0000000000000000E+000  1.1984893632993917E-006  5.5461647552952593E-006  6.2008141765004386E-004  3.2688908877561199E-010  4.8246630568967747E-005
 4.7812499999999980E-001  6.9281991406900434E-001  0.0000000000000000E+000  4.0148038210873751E-020  2.7822021824225329E-004  0.0000000000000000E+000  1.2939069213237125E-006  5.9150831227539134E-006  6.8091384543765554E-004  4.2298120667626457E-010  4.8924348882968991E-005
 4.9687499999999979E-001  7.1391528141779770E-001  0.0000000000000000E+000 -3.4787907841530132E-020  2.8607816029824207E-004  0.0000000000000000E+000  1.4064403343014332E-006  6.2621969956476161E-006  7.4712204834961849E-004  5.4542930773138797E-010  4.8755164223650436E-005
 5.1562499999999978E-001  7.3424287166087854E-001  0.0000000000000000E+000  9.1108981389040680E-020  2.9137768796116958E-004  0.0000000000000000E+000  1.5379741797781844E-006  6.5822280439953048E-006  8.1914953434547967E-004  7.0066240819917210E-010  4.7688676462506123E-005
 5.3437499999999982E-001  7.5377472646158716E-001  0.0000000000000000E+000  2.6734477397713854E-021  2.9394187154174745E-004  0.0000000000000000E+000  1.6899107578489772E-006  6.8700288470090315E-006  8.9747047860999998E-004  8.9641443729005306E-010  4.5703322145548592E-005
 5.5312499999999987E-001  7.7248656886756251E-001  0.0000000000000000E+000 -7.4009503766344492E-020  2.9367193463614161E-004  0.0000000000000000E+000  1.8631021640094374E-006  7.1207031932464124E-006  9.8259158485884701E-004  1.1419237092518250E-009  4.2808038864626870E-005
 5.7187499999999991E-001  7.9035818700228344E-001  0.0000000000000000E+000  1.3347386364155655E-019  2.9055254963983312E-004  0.0000000000000000E+000  2.0578050545577051E-006  7.3297305909024006E-006  1.0750540186722406E-003  1.4481514542944408E-009  3.9043351020509147E-005
 5.9062499999999996E-001  8.0737375434954006E-001  0.0000000000000000E+000 -1.1845888116249399E-019  2.8465312622361072E-004  0.0000000000000000E+000  2.2736601496081837E-006  7.4930895753733817E-006  1.1754354130291324E-003  1.8280199689597643E-009  3.4482280822548910E-005
 6.0937500000000000E-001  8.2352207804652688E-001  0.0000000000000000E+000  1.8156945317783979E-019  2.7612493747997124E-004  0.0000000000000000E+000  2.5096972698187476E-006  7.6073741730327891E-006  1.2843519459239845E-003  2.2966708836876145E-009  2.9231380348876663E-005
 6.2812500000000004E-001  8.3879676851866125E-001  0.0000000000000000E+000 -3.3901170224873286E-020  2.6519422618576094E-004  0.0000000000000000E+000  2.7643653631378453E-006  7.6698980155818186E-006  1.4024604896879437E-003  2.8717440153702585E-009  2.3431996884998168E-005
 6.4687500000000009E-001  8.5319632605275353E-001  0.0000000000000000E+000 -7.3519812843713100E-020  2.5215172345161019E-004  0.0000000000000000E+000  3.0355856526432134E-006  7.6787810775834506E-006  1.5304608313677357E-003  3.5736773037125264E-009  1.7261671577106761E-005
 6.6562500000000013E-001  8.6672414239271267E-001  0.0000000000000000E+000  2.1635736101936992E-019  2.3733926421443119E-004  0.0000000000000000E+000  3.3208248302907687E-006  7.6330147881252409E-006  1.6690979632040879E-003  4.4260284535436709E-009  1.0935380970512208E-005
 6.8437500000000018E-001  8.7938841801899070E-001  0.0000000000000000E+000 -4.9895534549198629E-020  2.2113437635029598E-004  0.0000000000000000E+000  3.6171842267592067E-006  7.5325022861857606E-006  1.8191644418737510E-003  5.4558191425240115E-009  4.7062045977076363E-006
 7.0312500000000022E-001  8.9120199830777935E-001  0.0000000000000000E+000 -1.9493669187669671E-019  2.0393383395800324E-004  0.0000000000000000E+000  3.9215001763214544E-006  7.3780717771357008E-006  1.9815028147044337E-003  6.6939030213586628E-009 -1.1350347375649765E-006
 7.2187500000000027E-001  9.0218213413245651E-001  0.0000000000000000E+000 -6.6942072612691424E-020  1.8613719409887874E-004  0.0000000000000000E+000  4.2304504122815771E-006  7.1714622273774567E-006  2.1570081105455378E-003  8.1753592302873579E-009 -6.2615528700217415E-006
 7.4062500000000031E-001  9.1235017456041689E-001  0.0000000000000000E+000 -4.9584514638878691E-020  1.6813128092418861E-004  0.0000000000000000E+000  4.5406612871188576E-006  6.9152819266629714E-006  2.3466303923935605E-003  9.9399137721644962E-009 -1.0314064631443631E-005
 7.5937500000000036E-001  9.2173120102676964E-001  0.0000000000000000E+000 -1.3095923457939534E-020  1.5027645113829813E-004  0.0000000000000000E+000  4.8488108962608326E-006  6.6129416775927877E-006  2.5513773682503457E-003  1.2032391792728315E-008 -1.2905989594556317E-005
 7.7812500000000040E-001  9.3035361367145408E-001  0.0000000000000000E+000  1.3858253110468404E-019  1.3289528900184422E-004  0.0000000000000000E+000  5.1517237531941783E-006  6.2685654710513634E-006  2.7723170560577932E-003  1.4503204588287046E-008 -1.3630266412440860E-005
 7.9687500000000044E-001  9.3824868137622264E-001  0.0000000000000000E+000 -3.5105545196750495E-021  1.1626415679333313E-004  0.0000000000000000E+000  5.4464534539693393E-006  5.8868824179513734E-006  3.0105804979208180E-003  1.7408875954322525E-008 -1.2067455620153891E-005
 8.1562500000000049E-001  9.4545006742493243E-001  0.0000000000000000E+000  1.8718766389829995E-019  1.0060779351717120E-004  0.0000000000000000E+000  5.7303507059996272E-006  5.4731043889617665E-006  3.2673645182165621E-003  2.0812613253467610E-008 -7.7946745301785561E-006
 8.3437500000000053E-001  9.5199334265437496E-001  0.0000000000000000E+000 -1.7437629057107866E-019  8.6096930471568633E-005  0.0000000000000000E+000  6.0011150998858057E-006  5.0327942386258574E-006  3.5439345195952261E-003  2.4784929288955152E-008 -3.9483371988764102E-007
 8.5312500000000058E-001  9.5791549750117588E-001  0.0000000000000000E+000 -1.0074398116405835E-019  7.2848697130312168E-005  0.0000000000000000E+000  6.2568299975340859E-006  4.5717296495973743E-006  3.8416273103106108E-003  2.9404321658877273E-008  1.0534364662668510E-005
 8.7187500000000062E-001  9.6325446353895650E-001  0.0000000000000000E+000 -7.2196323863628255E-020  6.0929436740186915E-005  0.0000000000000000E+000  6.4959808284752198E-006  4.0957675350832687E-006  4.1618539557680568E-003  3.4758016728968655E-008  2.5372158492344778E-005
 8.9062500000000067E-001  9.6804865400406193E-001  0.0000000000000000E+000 -1.5451733842490557E-020  5.0359447058889728E-005  0.0000000000000000E+000  6.7174578766878955E-006  3.6107136067652473E-006  4.5061026466424155E-003  4.0942785630905277E-008  4.4467587871172152E-005
 9.0937500000000071E-001  9.7233653150043142E-001  0.0000000000000000E+000  1.2313079726219349E-019  4.1119107931808507E-005  0.0000000000000000E+000  6.9205452668730916E-006  3.1222011882979900E-006  4.8759415753873540E-003  4.8065839780581386E-008  6.8133772212495086E-005
 9.2812500000000075E-001  9.7615620962694660E-001  0.0000000000000000E+000  1.6709048373571159E-020  3.3155851727806329E-005  0.0000000000000000E+000  7.1048983038781587E-006  2.6355826766500225E-006  5.2730218124267649E-003  5.6245813267863631E-008  9.6643761875556542E-005
 9.4687500000000080E-001  9.7954509375458110E-001  0.0000000000000000E+000 -2.1969917069408415E-021  2.6391467305653116E-005  0.0000000000000000E+000  7.2705115798946318E-006  2.1558362759440595E-006  5.6990801727820903E-003  6.5613839101334541E-008  1.3022800592875705E-004
 9.6562500000000084E-001  9.8253956466030290E-001  0.0000000000000000E+000  1.3391723244988497E-019  2.0729293289223349E-005  0.0000000000000000E+000  7.4176803529192840E-006  1.6874898027203050E-006  6.1559420633422370E-003  7.6314725694721561E-008  1.6907337666425087E-004
 9.8437500000000089E-001  9.8517470725559608E-001  0.0000000000000000E+000 -7.2282350647333770E-020  1.6060941964601838E-005  0.0000000000000000E+000  7.5469576389377737E-006  1.2345625365126883E-006  6.6455243004254188E-003  8.8508239147785234E-008  2.1332361383116013E-004
 1.0031250000000009E+000  9.8748408527665088E-001  0.0000000000000000E+000 -1.3837739031277089E-019  1.2272289464876351E-005  0.0000000000000000E+000  7.6591092782954197E-006  8.0052530819945700E-007  7.1698378867111057E-003  1.0237049582978257E-007  2.6308099921191369E-004
 1.0218750000000010E+000  9.8949956156600560E-001  0.0000000000000000E+000 -1.7145799736999158E-019  9.2485628609972892E-006  0.0000000000000000E+000  7.7550689659079842E-006  3.8827831555509040E-007  7.7309907360379798E-003  1.1809546853206105E-007  3.1840904380879808E-004
 1.0406250000000010E+000  9.9125116249760747E-001  0.0000000000000000E+000 -1.9614768429347435E-019  6.8784424279710876E-006  0.0000000000000000E+000  7.8358949076013367E-006  1.4555631524821479E-010  8.3311903339712209E-003  1.3589660803970999E-007  3.7933596187785608E-004
 1.0593750000000011E+000  9.9276698419441778E-001  0.0000000000000000E+000 -7.2838216018969405E-020  5.0571723395620438E-006  0.0000000000000000E+000  7.9027294108193777E-006 -3.6211571014461904E-007  8.9727463214419410E-003  1.5600858040078387E-007  4.4585871352421279E-004
 1.0781250000000011E+000  9.9407313746620496E-001  0.0000000000000000E+000  8.6099575599419545E-020  3.6887329513124456E-006  0.0000000000000000E+000  7.9567623629484281E-006 -6.9729241387113991E-007  9.6580729881554448E-003  1.7868911851700794E-007  5.1794741540658895E-004
 1.0968750000000012E+000  9.9519372785457350E-001  0.0000000000000000E+000  1.5864000659786986E-019  2.6871704018605058E-006  0.0000000000000000E+000  7.9991992151173206E-006 -1.0046822063171428E-006  1.0389691661860573E-002  2.0422098490702277E-007  5.9554994262977199E-004
 1.1156250000000012E+000  9.9615086680401521E-001  0.0000000000000000E+000  5.2238110043948804E-020  1.9772068510226504E-006  0.0000000000000000E+000  8.0312337885513706E-006 -1.2840513502794129E-006  1.1170232978969942E-002  2.3291404071274099E-007  6.7859657036049360E-004
 1.1343750000000012E+000  9.9696470977020812E-001  0.0000000000000000E+000  1.9404995426003987E-019  1.4942672295070736E-006  0.0000000000000000E+000  8.0540259639673800E-006 -1.5355862483293572E-006  1.2002439021432013E-002  2.6510741418886994E-007  7.6700452838486099E-004
 1.1531250000000013E+000  9.9765351701286409E-001  0.0000000000000000E+000 -3.0724796672669660E-020  1.1840590756762026E-006  0.0000000000000000E+000  8.0686841068287549E-006 -1.7598408042961541E-006  1.2889165304183606E-002  3.0117176011025385E-007  8.6068236415585606E-004
 1.1718750000000013E+000  9.9823373288127493E-001  0.0000000000000000E+000 -5.3263814003514558E-020  1.0018345577567089E-006  0.0000000000000000E+000  8.0762519231959359E-006 -1.9576816545471999E-006  1.3833382596964157E-002  3.4151159977198866E-007  9.5953402921022880E-004
 1.1906250000000014E+000  9.9872007956643838E-001  0.0000000000000000E+000 -3.3868083000371165E-020  9.1144911529283945E-007  0.0000000000000000E+000  8.0776993299137387E-006 -2.1302330941946633E-006  1.4838178563763739E-002  3.8656772946587571E-007  1.0634626201490147E-003
 1.2093750000000014E+000  9.9912566154307481E-001  0.0000000000000000E+000  1.9008610476468576E-019  8.8431346123574173E-007  0.0000000000000000E+000  8.0739168542537197E-006 -2.2788232755075561E-006  1.5906759202705168E-002  4.3681968368912243E-007  1.1723737192609058E-003
 1.2281250000000015E+000  9.9946207723802227E-001  0.0000000000000000E+000 -3.7125189380359967E-019  8.9831653038441317E-007  0.0000000000000000E+000  8.0657130457878248E-006 -2.4049329876372762E-006  1.7042450068746908E-002  4.9278823763910856E-007  1.2861782919050520E-003
 1.2468750000000015E+000  9.9973953481888667E-001  0.0000000000000000E+000  1.8212531854947542E-019  9.3677786572321509E-007  0.0000000000000000E+000  8.0538143804830010E-006 -2.5101480526032435E-006  1.8248697261237026E-002  5.5503793200905281E-007  1.4047951087914348E-003
 1.2656250000000016E+000  9.9996696938108087E-001  0.0000000000000000E+000 -1.2788874014559850E-019  9.8747070775839774E-007  0.0000000000000000E+000  8.0388671570184513E-006 -2.5961161040067445E-006  1.9529068158065013E-002  6.2417960143410682E-007  1.5281526718130196E-003
 1.2843750000000016E+000  1.0001521592066505E+000  0.0000000000000000E+000  2.0638487155443062E-019  1.0417415703400934E-006  0.0000000000000000E+000  8.0214409217723785E-006 -2.6645082618842658E-006  2.0887251877948810E-002  7.0087288653829499E-007  1.6561906325531209E-003
 1.3031250000000016E+000  1.0003018391608258E+000  0.0000000000000000E+000  4.1934748333988291E-020  1.0937400869437397E-006  0.0000000000000000E+000  8.0020330061322586E-006 -2.7169859864744682E-006  2.2327059452277528E-002  7.8582870784073972E-007  1.7888607031546005E-003
 1.3218750000000017E+000  1.0004218096712665E+000  0.0000000000000000E+000 -7.5061677505511943E-020  1.1397626749065637E-006  0.0000000000000000E+000  7.9810738129440436E-006 -2.7551731905927552E-006  2.3852423687897854E-002  8.7981167826666189E-007  1.9261270698892386E-003
 1.3406250000000017E+000  1.0005170400911083E+000  0.0000000000000000E+000  1.4270519927764833E-019  1.1777069341967206E-006  0.0000000000000000E+000  7.9589325441238401E-006 -2.7806335176306843E-006  2.5467398702302531E-002  9.8364242951949447E-007  2.0679663302401795E-003
 1.3593750000000018E+000  1.0005917655736143E+000  0.0000000000000000E+000  7.3288202272198252E-020  1.2066285748346672E-006  0.0000000000000000E+000  7.9359231157283253E-006 -2.7948525512896315E-006  2.7176159112852885E-002  1.0981998257979936E-006  2.2143669843158759E-003
 1.3781250000000018E+000  1.0006495768792441E+000  0.0000000000000000E+000  1.1095469864541292E-019  1.2263898307995902E-006  0.0000000000000000E+000  7.9123100579382863E-006 -2.7992246136754207E-006  2.8982998861944751E-002  1.2244230367718188E-006  2.3653285205390740E-003
 1.3968750000000019E+000  1.0006935027918225E+000  0.0000000000000000E+000 -1.8695605332678510E-019  1.2373871187687513E-006  0.0000000000000000E+000  7.8883142440182289E-006 -2.7950437289655084E-006  3.0892329660417411E-002  1.3633134400076663E-006  2.5208601433353013E-003
 1.4156250000000019E+000  1.0007260850390616E+000  0.0000000000000000E+000 -1.4060085179931343E-019  1.2403453018006161E-006  0.0000000000000000E+000  7.8641183335293966E-006 -2.7834982781888816E-006  3.2908679032007997E-002  1.5159363212675914E-006  2.6809791967603389E-003
 1.4343750000000020E+000  1.0007494457938257E+000  0.0000000000000000E+000  1.0035355191493332E-019  1.2361665757687490E-006  0.0000000000000000E+000  7.8398718505343002E-006 -2.7656688436695560E-006  3.5036687942267462E-002  1.6834223394734428E-006  2.8457093422338858E-003
 1.4531250000000020E+000  1.0007653479779466E+000  0.0000000000000000E+000 -4.5604121531273522E-020  1.2258230492889766E-006  0.0000000000000000E+000  7.8156958472447547E-006 -2.7425287360793645E-006  3.7281107996090058E-002  1.8669687211641563E-006  3.0150785507540535E-003
 1.4718750000000020E+000  1.0007752487025279E+000  0.0000000000000000E+000  5.0405077806531294E-020  1.2102834414662311E-006  0.0000000000000000E+000  7.7916871277957043E-006 -2.7149467091160414E-006  3.9646798188851286E-002  2.0678401479446145E-006  3.1891169700676452E-003
 1.4906250000000021E+000  1.0007803462607086E+000  0.0000000000000000E+000  2.0640472388913189E-019  1.1904658541173063E-006  0.0000000000000000E+000  7.7679220260148068E-006 -2.6836913929733632E-006  4.2138721197116723E-002  2.2873692984899142E-006  3.3678547253809215E-003
 1.5093750000000021E+000  1.0007816211440852E+000  0.0000000000000000E+000  3.5717658850039735E-019  1.1672098696458022E-006  0.0000000000000000E+000  7.7444597457467206E-006 -2.6494370145061638E-006  4.4761939195962157E-002  2.5269570055469481E-006  3.5513197084863818E-003
 1.5281250000000022E+000  1.0007798715864020E+000  0.0000000000000000E+000 -1.8422966602781032E-020  1.1412624418838391E-006  0.0000000000000000E+000  7.7213452830682532E-006 -2.6127700159609542E-006  4.7521609191137217E-002  2.7880719871862733E-006  3.7395354049500375E-003
 1.5468750000000022E+000  1.0007757441508038E+000  0.0000000000000000E+000 -6.9264795772740325E-020  1.1132736246199926E-006  0.0000000000000000E+000  7.6986119571977792E-006 -2.5741962324779893E-006  5.0422977855619722E-002  3.0722501102469803E-006  3.9325188026643207E-003
 1.5656250000000023E+000  1.0007697598745577E+000  0.0000000000000000E+000 -6.0086399695851930E-021  1.0837985744416301E-006  0.0000000000000000E+000  7.6762835816247090E-006 -2.5341483386375175E-006  5.3471375861521314E-002  3.3810931440608240E-006  4.1302784177879017E-003
 1.5843750000000023E+000  1.0007623364697311E+000  0.0000000000000000E+000 -1.6594566576793820E-019  1.0533037599902428E-006  0.0000000000000000E+000  7.6543763095067538E-006 -2.4929933240484190E-006  5.6672211699841261E-002  3.7162669615951535E-006  4.3328124665307230E-003
 1.6031250000000024E+000  1.0007538070542810E+000  0.0000000000000000E+000  3.5200174658826561E-019  1.0221752126948758E-006  0.0000000000000000E+000  7.6329001881663696E-006 -2.4510398055678854E-006  6.0030964982202166E-002  4.0794991465319813E-006  4.5401072034263832E-003
 1.6218750000000024E+000  1.0007444358568309E+000  0.0000000000000000E+000 -1.8190694286776142E-019  9.9072790371579345E-007  0.0000000000000000E+000  7.6118604569953743E-006 -2.4085450279590364E-006  6.3553179220451506E-002  4.4725759641393859E-006  4.7521354392581969E-003
 1.6406250000000024E+000  1.0007344313034532E+000  0.0000000000000000E+000 -2.8081458307195205E-019  9.5921524567721406E-007  0.0000000000000000E+000  7.5912586215993328E-006 -2.3657214447459437E-006  6.7244454081848412E-002  4.8973386574677549E-006  4.9688552445631426E-003
 1.6593750000000025E+000  1.0007239568573150E+000  0.0000000000000000E+000 -2.9830779866622348E-019  9.2783827376763384E-007  0.0000000000000000E+000  7.5710933348817858E-006 -2.3227428060394936E-006  7.1110437119520198E-002  5.3556790297476509E-006  5.1902088382614481E-003
 1.6781250000000025E+000  1.0007131399440790E+000  0.0000000000000000E+000  6.1095560043166624E-020  8.9675396219845993E-007  0.0000000000000000E+000  7.5513611132267339E-006 -2.2797497101507940E-006  7.5156814979885841E-002  5.8495342798716918E-006  5.4161216550114534E-003
 1.6968750000000026E+000  1.0007020792582464E+000  0.0000000000000000E+000  1.8158268806764064E-020  8.6608287852563137E-007  0.0000000000000000E+000  7.5320569131850565E-006 -2.2368546006330146E-006  7.9389304090893204E-002  6.3808810581381797E-006  5.6465015800744112E-003
 1.7156250000000026E+000  1.0006908507100123E+000  0.0000000000000000E+000 -2.1334642358967690E-020  8.3591574018271331E-007  0.0000000000000000E+000  7.5131745912513013E-006 -2.1941462104136125E-006  8.3813640837114220E-002  6.9517287155556121E-006  5.8812383363522061E-003
 1.7343750000000027E+000  1.0006795122380507E+000  0.0000000000000000E+000  1.4932264417807256E-020  8.0631911170137016E-007  0.0000000000000000E+000  7.4947072665501787E-006 -2.1516934701217922E-006  8.8435571230017135E-002  7.5641117251775553E-006  6.1202030053456244E-003
 1.7531250000000027E+000  1.0006681076827535E+000  0.0000000000000000E+000  1.7060765570028706E-019  7.7734021486364213E-007  0.0000000000000000E+000  7.4766476036130406E-006 -2.1095489091126157E-006  9.3260840084102167E-002  8.2200812574172166E-006  6.3632476620850767E-003
 1.7718750000000028E+000  1.0006566698859845E+000  0.0000000000000000E+000 -3.1523853144395885E-019  7.4901100632907003E-007  0.0000000000000000E+000  7.4589880299739318E-006 -2.0677515854929515E-006  9.8295179711980679E-002  8.9216958995361889E-006  6.6102051040519616E-003
 1.7906250000000028E+000  1.0006452231581742E+000  0.0000000000000000E+000  2.0246734417337948E-019  7.2135141904183797E-007  0.0000000000000000E+000  7.4417209010778260E-006 -2.0263295862828086E-006  1.0354429815394235E-001  9.6710115150330095E-006  6.8608886559649021E-003
 1.8093750000000028E+000  1.0006337852310596E+000  0.0000000000000000E+000 -2.4757515733712118E-019  6.9437214778034217E-007  0.0000000000000000E+000  7.4248386229906247E-006 -1.9853021411323213E-006  1.0901386696005183E-001  1.0470070246284754E-005  7.1150920371698687E-003
 1.8281250000000029E+000  1.0006223687948514E+000  0.0000000000000000E+000 -1.5057995870915316E-020  6.6807680831892924E-007  0.0000000000000000E+000  7.4083337416364065E-006 -1.9446813934284292E-006  1.1470950854534888E-001  1.1320888671589868E-005  7.3725892863383278E-003
 1.8468750000000029E+000  1.0006109827016727E+000  0.0000000000000000E+000  5.1086674631274989E-020  6.4246368225440165E-007  0.0000000000000000E+000  7.3921990057472387E-006 -1.9044738713932347E-006  1.2063678314127201E-001  1.2225445136201593E-005  7.6331347506721761E-003
 1.8656250000000030E+000  1.0005996329024673E+000  0.0000000000000000E+000 -1.6371227811404503E-019  6.1752714985985335E-007  0.0000000000000000E+000  7.3764274093931825E-006 -1.8646816996040144E-006  1.2680117536900329E-001  1.3185666283829084E-005  7.8964631642247669E-003
 1.8843750000000030E+000  1.0005883231724650E+000  0.0000000000000000E+000  3.8989985353299512E-019  5.9325874213200791E-007  0.0000000000000000E+000  7.3610122188363743E-006 -1.8253035883359621E-006  1.3320808046296928E-001  1.4203412827890755E-005  8.1622898626629650E-003
 1.9031250000000031E+000  1.0005770556696663E+000  0.0000000000000000E+000  2.7363134663254155E-020  5.6964800099201796E-007  0.0000000000000000E+000  7.3459469875115712E-006 -1.7863356347239095E-006  1.3986279017531839E-001  1.5280464608774524E-005  8.4303112099034620E-003
 1.9218750000000031E+000  1.0005658313624330E+000  0.0000000000000000E+000 -1.2754463301077644E-019  5.4668313342887132E-007  0.0000000000000000E+000  7.3312255621536386E-006 -1.7477719661204504E-006  1.4677047839470908E-001  1.6418504994831357E-005  8.7002053437026453E-003
 1.9406250000000032E+000  1.0005546503548401E+000  0.0000000000000000E+000  2.1614229406010613E-019  5.2435154440644283E-007  0.0000000000000000E+000  7.3168420824455715E-006 -1.7096052523523510E-006  1.5393618651524218E-001  1.7619104700612731E-005  8.9716333797924784E-003
 1.9593750000000032E+000  1.0005435121328494E+000  0.0000000000000000E+000  8.5305482211368638E-020  5.0264013595757717E-007  0.0000000000000000E+000  7.3027909760374262E-006 -1.6718271100837681E-006  1.6136480859384014E-001  1.8883705105266629E-005  9.2442412418038897E-003
 1.9781250000000032E+000  1.0005324157492934E+000  0.0000000000000000E+000  3.1664473848529899E-021  4.8153566023501071E-007  0.0000000000000000E+000  7.2890669503615399E-006 -1.6344284191624322E-006  1.6906107633672116E-001  2.0213601176866797E-005  9.5176622987183795E-003
 1.9968750000000033E+000  1.0005213599620246E+000  0.0000000000000000E+000 -3.3944183616726044E-020  4.6102487227805966E-007  0.0000000000000000E+000  7.2756649823296787E-006 -1.5973995677734717E-006  1.7702954395793308E-001  2.1609924126905766E-005  9.7915209804957330E-003
 2.0156250000000031E+000  1.0005103433362770E+000  0.0000000000000000E+000  1.5350486935514066E-019  4.4109472252529258E-007  0.0000000000000000E+000  7.2625803067302263E-006 -1.5607306405234419E-006  1.8527457295502811E-001  2.3073623943430099E-005  1.0065437490386558E-002
 2.0343750000000029E+000  1.0004993643199649E+000  0.0000000000000000E+000 -9.8652868575524293E-020  4.2173241765475211E-007  0.0000000000000000E+000  7.2498084039305950E-006 -1.5244115611338753E-006  1.9380031684896881E-001  2.4605451980422299E-005  1.0339033618638716E-002
 2.0531250000000028E+000  1.0004884212985248E+000  0.0000000000000000E+000 -1.2242273065784810E-021  4.0292552050402719E-007  0.0000000000000000E+000  7.2373449873281185E-006 -1.4884321993509067E-006  2.0261070593706498E-001  2.6205943814021360E-005  1.0611939465685772E-002
 2.0718750000000026E+000  1.0004775126344576E+000  0.0000000000000000E+000  6.6075187330735851E-021  3.8466198359898840E-007  0.0000000000000000E+000  7.2251859908638229E-006 -1.4527824498713820E-006  2.1170943210920976E-001  2.7875402606611366E-005  1.0883800580551323E-002
 2.0906250000000024E+000  1.0004666366954893E+000  0.0000000000000000E+000  3.6627557523848065E-020  3.6693018024003266E-007  0.0000000000000000E+000  7.2133275568192872E-006 -1.4174522895638339E-006  2.2109993377873943E-001  2.9613883244773709E-005  1.1154284594265153E-002
 2.1093750000000022E+000  1.0004557918742840E+000  0.0000000000000000E+000 -1.9341467954959914E-019  3.4971889939505729E-007  0.0000000000000000E+000  7.2017660240427834E-006 -1.3824318180113427E-006  2.3078538097982820E-001  3.1421177542116652E-005  1.1423085872198631E-002
 2.1281250000000020E+000  1.0004449766019379E+000  0.0000000000000000E+000  2.0304637060216660E-019  3.3301738566748895E-007  0.0000000000000000E+000  7.1904979166977176E-006 -1.3477112853365368E-006  2.4076866068340694E-001  3.3296800788062964E-005  1.1689926035459413E-002
 2.1468750000000019E+000  1.0004341893569837E+000  0.0000000000000000E+000  1.8118564137361518E-020  3.1681531842409072E-007  0.0000000000000000E+000  7.1795199335860230E-006 -1.3132811104240212E-006  2.5105236238301737E-001  3.5239979879947425E-005  1.1954547455926013E-002
 2.1656250000000017E+000  1.0004234286710980E+000  0.0000000000000000E+000 -9.2217403409861737E-020  3.0110277582373612E-007  0.0000000000000000E+000  7.1688289380707438E-006 -1.2791318919686153E-006  2.6163876400083574E-001  3.7249643192793780E-005  1.2216696103275691E-002
 2.1843750000000015E+000  1.0004126931324182E+000  0.0000000000000000E+000  8.7562030922413298E-020  2.8587029277105103E-007  0.0000000000000000E+000  7.1584219486027126E-006 -1.2452544142060204E-006  2.7252981816231153E-001  3.9324412158148192E-005  1.2476089569633180E-002
 2.2031250000000013E+000  1.0004019813872667E+000  0.0000000000000000E+000 -6.0668734847089262E-020  2.7110877343083928E-007  0.0000000000000000E+000  7.1482961298399497E-006 -1.2116396487662144E-006  2.8372713888566004E-001  4.1462594280894383E-005  1.2732365950026008E-002
 2.2218750000000012E+000  1.0003912921405942E+000  0.0000000000000000E+000 -7.8396869735325751E-020  2.5680956428075774E-007  0.0000000000000000E+000  7.1384487843423361E-006 -1.1782787537250201E-006  2.9523198873018275E-001  4.3662176908876305E-005  1.2985009834671940E-002
 2.2406250000000010E+000  1.0003806241557209E+000  0.0000000000000000E+000  1.0620006448445812E-019  2.4296432088455333E-007  0.0000000000000000E+000  7.1288773448150935E-006 -1.1451630706856814E-006  3.0704526644542107E-001  4.5920820634551274E-005  1.3233253383762454E-002
 2.2593750000000008E+000  1.0003699762533946E+000  0.0000000000000000E+000 -2.1516952965974377E-019  2.2956512779614968E-007  0.0000000000000000E+000  7.1195793668740206E-006 -1.1122841205067874E-006  3.1916749516258064E-001  4.8235850539909975E-005  1.3475953794205913E-002
 2.2781250000000006E+000  1.0003593473106074E+000  0.0000000000000000E+000 -9.5688253260134241E-021  2.1660440907567136E-007  0.0000000000000000E+000  7.1105525223027377E-006 -1.0796335981660774E-006  3.3159881117118056E-001  5.0604242906343577E-005  1.3711453958404911E-002
 2.2968750000000004E+000  1.0003487362591308E+000  0.0000000000000000E+000  1.5361074847354745E-019  2.0407488632301352E-007  0.0000000000000000E+000  7.1017945927727916E-006 -1.0472033671498286E-006  3.4433895332922515E-001  5.3022604352290226E-005  1.3937441248829356E-002
 2.3156250000000003E+000  1.0003381420839446E+000  0.0000000000000000E+000  1.0853271381185766E-019  1.9196963862988525E-007  0.0000000000000000E+000  7.0933034639987280E-006 -1.0149854537506216E-006  3.5738725316562697E-001  5.5487139993037893E-005  1.4150830479023052E-002
 2.3343750000000001E+000  1.0003275638216538E+000  0.0000000000000000E+000 -2.0494226856613814E-019  1.8028208348397357E-007  0.0000000000000000E+000  7.0850771203027636E-006 -9.8297204166312776E-007  3.7074262575111311E-001  5.7993607221640264E-005  1.4347711204756917E-002
 2.3531249999999999E+000  1.0003170005590396E+000  0.0000000000000000E+000  3.6819463425960368E-020  1.6900589971946545E-007  0.0000000000000000E+000  7.0771136395667256E-006 -9.5115546740278113E-007  3.8440356143965282E-001  6.0537252585202150E-005  1.4523416094584018E-002
 2.3718749999999997E+000  1.0003064514317968E+000  0.0000000000000000E+000  1.3601165376086923E-019  1.5813506326622928E-007  0.0000000000000000E+000  7.0694111885522095E-006 -9.1952821728619212E-007  3.9836811861781046E-001  6.3112731236963926E-005  1.4672784717190353E-002
 2.3906249999999996E+000  1.0002959156236528E+000  0.0000000000000000E+000  2.1357803416119175E-020  1.4766386202680337E-007  0.0000000000000000E+000  7.0619680185751990E-006 -8.8808292707668425E-007  4.1263391764382357E-001  6.5714012239481701E-005  1.4790713178207062E-002
 2.4093749999999994E+000  1.0002853923662369E+000  0.0000000000000000E+000 -3.2828482406514520E-019  1.3758682371189934E-007  0.0000000000000000E+000  7.0547824615260917E-006 -8.5681238595700104E-007  4.2719813620975888E-001  6.8334279009263366E-005  1.4873090452266705E-002
 2.4281249999999992E+000  1.0002748809399982E+000  0.0000000000000000E+000 -2.1625148190096313E-019  1.2789876335794759E-007  0.0000000000000000E+000  7.0478529262282496E-006 -8.2570954728656056E-007  4.4205750641363989E-001  7.0965842860731820E-005  1.4918220996459610E-002
 2.4468749999999990E+000  1.0002643806769074E+000  0.0000000000000000E+000 -2.3161718895974817E-019  1.1859474380315760E-007  0.0000000000000000E+000  7.0411778951326805E-006 -7.9476754971647025E-007  4.5720831387481398E-001  7.3600099277870701E-005  1.4928812222155760E-002
 2.4656249999999988E+000  1.0002538909658369E+000  0.0000000000000000E+000  1.8730016046160716E-019  1.0967011099261015E-007  0.0000000000000000E+000  7.0347559213428574E-006 -7.6397975369568155E-007  4.7264639925094759E-001  7.6227570840387004E-005  1.4914554531241016E-002
 2.4843749999999987E+000  1.0002434112621048E+000  0.0000000000000000E+000  1.9865569591073513E-020  1.0112045600862984E-007  0.0000000000000000E+000  7.0285856259534006E-006 -7.3333980023427109E-007  4.8836716249827988E-001  7.8838096881000963E-005  1.4895229144065143E-002
 2.5031249999999985E+000  1.0002329411030937E+000  0.0000000000000000E+000  6.3616806550228252E-020  9.2941647711342057E-008  0.0000000000000000E+000  7.0226656956632830E-006 -7.0284170101446059E-007  5.0436557013091443E-001  8.1421245853696700E-005  1.4904132479129030E-002
 2.5218749999999983E+000  1.0002224801328337E+000  0.0000000000000000E+000  1.5000424100281625E-019  8.5129802318562042E-008  0.0000000000000000E+000  7.0169948805811196E-006 -6.7247997130681979E-007  5.2063616554602266E-001  8.3967038710497377E-005  1.4991394130093604E-002
 2.5406249999999981E+000  1.0002120281393125E+000  0.0000000000000000E+000 -1.9796086419619058E-020  7.7681364230031136E-008  0.0000000000000000E+000  7.0115719920651673E-006 -6.4224981954653335E-007  5.3717308215097659E-001  8.6467074781715336E-005  1.5226481199189786E-002
 2.5593749999999980E+000  1.0002015851096819E+000  0.0000000000000000E+000  1.9035080256070273E-019  7.0593089818160593E-008  0.0000000000000000E+000  7.0063959003278673E-006 -6.1214740919773694E-007  5.5397005851457015E-001  8.8916138910044573E-005  1.5698825537328435E-002
 2.5781249999999978E+000  1.0001911513099373E+000  0.0000000000000000E+000 -1.4634148525043144E-019  6.3862021226768206E-008  0.0000000000000000E+000  7.0014655313690364E-006 -5.8217020908004805E-007  5.7102045403199508E-001  9.1314329706604358E-005  1.6515096432492712E-002
 2.5968749999999976E+000  1.0001807273974064E+000  0.0000000000000000E+000 -1.0606109814154921E-019  5.7485586513195130E-008  0.0000000000000000E+000  6.9967798625762057E-006 -5.5231744649752276E-007  5.8831726261978790E-001  9.3669673266960629E-005  1.7791204141804400E-002
 2.6156249999999974E+000  1.0001703145764109E+000  0.0000000000000000E+000 -1.7494869955496535E-019  5.1461616745740457E-008  0.0000000000000000E+000  6.9923379160442497E-006 -5.2259067207536393E-007  6.0585312074965170E-001  9.6001062317108143E-005  1.9636723154720925E-002
 2.6343749999999972E+000  1.0001599148094045E+000  0.0000000000000000E+000  1.2715420376165141E-020  4.5788274283253827E-008  0.0000000000000000E+000  6.9881387483275811E-006 -4.9299443466636136E-007  6.2362030474360941E-001  9.8341176740068814E-005  2.2129170953548598E-002
 2.6531249999999971E+000  1.0001495310978497E+000  0.0000000000000000E+000  5.1864224407074835E-020  4.0464132711193201E-008  0.0000000000000000E+000  6.9841814349843880E-006 -4.6353704775296477E-007  6.4161071081544196E-001  1.0073879110905626E-004  2.5275620481326956E-002
 2.6718749999999969E+000  1.0001391678491982E+000  0.0000000000000000E+000  2.2945990192220988E-020  3.5488086025381449E-008  0.0000000000000000E+000  6.9804650479649732E-006 -4.3423140483466457E-007  6.5981581008726675E-001  1.0325955897272365E-004  2.8959674045040212E-002
 2.6906249999999967E+000  1.0001288313480750E+000  0.0000000000000000E+000  4.7182382140024699E-021  3.0859284683160126E-008  0.0000000000000000E+000  6.9769886237492576E-006 -4.0509577127885241E-007  6.7822657010775378E-001  1.0598399560851623E-004  3.2873161051539909E-002
 2.7093749999999965E+000  1.0001185303519298E+000  0.0000000000000000E+000 -1.0469459576961161E-019  2.6576956191348700E-008  0.0000000000000000E+000  6.9737511203151028E-006 -3.7615444776114574E-007  6.9683333480025511E-001  1.0900099363064797E-004  3.6434387671745207E-002
 2.7281249999999964E+000  1.0001082768343819E+000  0.0000000000000000E+000 -9.5059595994593940E-021  2.2640177732569100E-008  0.0000000000000000E+000  6.9707513617414870E-006 -3.4743817403770264E-007  7.1562565703829262E-001  1.1239485919600778E-004  3.8698766705456862E-002
 2.7468749999999962E+000  1.0000980869046261E+000  0.0000000000000000E+000 -1.9121107039775788E-019  1.9047618593504012E-008  0.0000000000000000E+000  6.9679879707843917E-006 -3.1898413609601196E-007  7.3459208318222236E-001  1.1622365253238787E-004  3.8273621545100875E-002
 2.7656249999999960E+000  1.0000879819414756E+000  0.0000000000000000E+000  4.9998104945155205E-020  1.5797114505389231E-008  0.0000000000000000E+000  6.9654592923805251E-006 -2.9083547818660198E-007  7.5371989814579288E-001  1.2048672110098746E-004  3.3257285025150428E-002
 2.7843749999999958E+000  1.0000779899989289E+000  0.0000000000000000E+000  1.9498963143590011E-019  1.2885256417405344E-008  0.0000000000000000E+000  6.9631633149017989E-006 -2.6304033698638856E-007  7.7299485430403092E-001  1.2507999642508150E-004  2.1233548687942853E-002
 2.8031249999999956E+000  1.0000681475730593E+000  0.0000000000000000E+000  6.7454924592474301E-020  1.0306964615125480E-008  0.0000000000000000E+000  6.9610976009885085E-006 -2.3565065026842498E-007  7.9240092924521388E-001  1.2973932505555563E-004 -6.3403372079575381E-004
 2.8218749999999955E+000  1.0000585018732411E+000  0.0000000000000000E+000  1.8406092118284951E-019  8.0551127989991755E-009  0.0000000000000000E+000  6.9592592451281721E-006 -2.0872139057969809E-007  8.1192018719755432E-001  1.3397551163973898E-004 -3.5348261798805777E-002
 2.8406249999999953E+000  1.0000491138208785E+000  0.0000000000000000E+000  3.9595481561688329E-020  6.1202285461803285E-009  0.0000000000000000E+000  6.9576448786228958E-006 -1.8231146116570371E-007  8.3153285735336968E-001  1.3701089434681180E-004 -8.5589937620761530E-002
 2.8593749999999951E+000  1.0000400621040944E+000  0.0000000000000000E+000 -1.2057315480817953E-019  4.4903862850276255E-009  0.0000000000000000E+000  6.9562507391558091E-006 -1.5648822666078384E-007  8.5121778811728077E-001  1.3773749321721596E-004 -1.5290865018298275E-001
 2.8781249999999949E+000  1.0000314487277000E+000  0.0000000000000000E+000  3.6657336025899974E-020  3.1511906417591717E-009  0.0000000000000000E+000  6.9550728012402198E-006 -1.3133832466205495E-007  8.7095348554216967E-001  1.3473241285699711E-004 -2.3650459807724664E-001
 2.8968749999999948E+000  1.0000234065433071E+000  0.0000000000000000E+000  6.6267093232848153E-020  2.0857442439847773E-009  0.0000000000000000E+000  6.9541069043905784E-006 -1.0698741942565901E-007  8.9071998830782595E-001  1.2638763218653093E-004 -3.3153123306807480E-001
 2.9156249999999946E+000  1.0000161090513442E+000  0.0000000000000000E+000 -3.8367945532659636E-020  1.2743217592259271E-009  0.0000000000000000E+000  6.9533486790837394E-006 -8.3629516904049573E-008  9.1050185497790914E-001  1.1123602455387349E-004 -4.2690044765869378E-001
 2.9343749999999944E+000  1.0000097819430662E+000  0.0000000000000000E+000  1.5574487445393426E-019  6.9349104236948733E-010  0.0000000000000000E+000  6.9527927936091185E-006 -6.1559466887811269E-008  9.3029251625180998E-001  8.8574832992738273E-005 -5.0267867231831087E-001
 2.9531249999999942E+000  1.0000047134661569E+000  0.0000000000000000E+000 -2.1757827960349819E-019  3.1441982351054776E-010  0.0000000000000000E+000  6.9524305497267961E-006 -4.1185072655620294E-008  9.5010013507009805E-001  5.9484346671578869E-005 -5.2735377891397506E-001
 2.9718749999999940E+000  1.0000012534559879E+000  0.0000000000000000E+000  3.2052586991939780E-019  1.0126588456671470E-010  0.0000000000000000E+000  6.9522440848172245E-006 -2.2959662340391148E-008  9.6995485637932077E-001  2.8289032544703829E-005 -4.5558023834046524E-001
 2.9906249999999939E+000  9.9999975913840800E-001  0.0000000000000000E+000  6.5274476497784520E-020  1.1726508652998291E-011  0.0000000000000000E+000  6.9521941976281809E-006 -7.1097090346872039E-009  9.8991680508892788E-001  4.4013414659538341E-006 -2.2757980547454362E-001
